净值日期,累计净值,daily_return
2020-05-09,1.0,
2020-05-15,1.0002,0.0002
2020-05-22,0.9906,-0.009598
2020-05-29,0.9974,0.006865
2020-06-05,1.0208,0.023461
2020-06-09,1.0284,0.007445
2020-06-10,1.0301,0.001653
2020-06-11,1.0278,-0.002233
2020-06-12,1.029,0.001168
2020-06-15,1.0333,0.004179
2020-06-16,1.054,0.020033
2020-06-17,1.0615,0.007116
2020-06-18,1.0614,-9.4e-05
2020-06-19,1.0688,0.006972
2020-06-22,1.0726,0.003555
2020-06-23,1.075,0.002238
2020-06-24,1.0752,0.000186
2020-06-29,1.0763,0.001023
2020-06-30,1.0962,0.018489
2020-07-01,1.1042,0.007298
2020-07-02,1.1225,0.016573
2020-07-03,1.1337,0.009978
2020-07-06,1.1782,0.039252
2020-07-07,1.1957,0.014853
2020-07-08,1.223,0.022832
2020-07-09,1.2612,0.031235
2020-07-10,1.2647,0.002775
2020-07-13,1.3108,0.036451
2020-07-14,1.3091,-0.001297
2020-07-15,1.2783,-0.023528
2020-07-16,1.2181,-0.047094
2020-07-17,1.2273,0.007553
2020-07-20,1.2658,0.03137
2020-07-21,1.2753,0.007505
2020-07-22,1.2857,0.008155
2020-07-23,1.287,0.001011
2020-07-24,1.2261,-0.047319
2020-07-27,1.2332,0.005791
2020-07-28,1.2518,0.015083
2020-07-29,1.2894,0.030037
2020-07-30,1.288,-0.001086
2020-07-31,1.305,0.013199
2020-08-03,1.3348,0.022835
2020-08-04,1.3271,-0.005769
2020-08-05,1.3435,0.012358
2020-08-06,1.335,-0.006327
2020-08-07,1.3164,-0.013933
2020-08-10,1.3224,0.004558
2020-08-11,1.2991,-0.017619
2020-08-12,1.2827,-0.012624
2020-08-13,1.2872,0.003508
2020-08-14,1.3003,0.010177
2020-08-17,1.3283,0.021533
2020-08-18,1.3393,0.008281
2020-08-19,1.3207,-0.013888
2020-08-20,1.3115,-0.006966
2020-08-21,1.323,0.008769
2020-08-24,1.3401,0.012925
2020-08-25,1.3361,-0.002985
2020-08-26,1.3106,-0.019085
2020-08-27,1.3188,0.006257
2020-08-28,1.3403,0.016303
2020-08-31,1.3347,-0.004178
2020-09-01,1.3482,0.010115
2020-09-02,1.3455,-0.002003
2020-09-03,1.3329,-0.009365
2020-09-04,1.3219,-0.008253
2020-09-07,1.2893,-0.024661
2020-09-08,1.2901,0.00062
2020-09-09,1.2477,-0.032866
2020-09-10,1.2381,-0.007694
2020-09-11,1.2603,0.017931
2020-09-14,1.2719,0.009204
2020-09-15,1.2838,0.009356
2020-09-16,1.2791,-0.003661
2020-09-17,1.2861,0.005473
2020-09-18,1.3068,0.016095
2020-09-21,1.2972,-0.007346
2020-09-22,1.2857,-0.008865
2020-09-23,1.2931,0.005756
2020-09-24,1.264,-0.022504
2020-09-25,1.2652,0.000949
2020-09-28,1.2568,-0.006639
2020-09-29,1.2663,0.007559
2020-09-30,1.2628,-0.002764
2020-10-09,1.3011,0.030329
2020-10-12,1.3369,0.027515
2020-10-13,1.3398,0.002169
2020-10-14,1.3421,0.001717
2020-10-15,1.3335,-0.006408
2020-10-16,1.3307,-0.0021
2020-10-19,1.3154,-0.011498
2020-10-20,1.3253,0.007526
2020-10-21,1.3092,-0.012148
2020-10-22,1.2985,-0.008173
2020-10-23,1.2755,-0.017713
2020-10-26,1.2824,0.00541
2020-10-27,1.2838,0.001092
2020-10-28,1.2902,0.004985
2020-10-29,1.2954,0.00403
2020-10-30,1.2576,-0.02918
2020-11-02,1.2672,0.007634
2020-11-03,1.2786,0.008996
2020-11-04,1.2759,-0.002112
2020-11-05,1.3036,0.02171
2020-11-06,1.2934,-0.007824
2020-11-09,1.3172,0.018401
2020-11-10,1.3037,-0.010249
2020-11-11,1.2919,-0.009051
2020-11-12,1.2979,0.004644
2020-11-13,1.2926,-0.004084
2020-11-16,1.3071,0.011218
2020-11-17,1.2948,-0.00941
2020-11-18,1.3003,0.004248
2020-11-19,1.3061,0.004461
2020-11-20,1.3205,0.011025
2020-11-23,1.3299,0.007119
2020-11-24,1.3308,0.000677
2020-11-25,1.3078,-0.017283
2020-11-26,1.3028,-0.003823
2020-11-27,1.3066,0.002917
2020-11-30,1.2991,-0.00574
2020-12-01,1.3204,0.016396
2020-12-02,1.3244,0.003029
2020-12-03,1.3227,-0.001284
2020-12-04,1.3238,0.000832
2020-12-07,1.3144,-0.007101
2020-12-08,1.3152,0.000609
2020-12-09,1.2938,-0.016271
2020-12-10,1.2983,0.003478
2020-12-11,1.2791,-0.014789
2020-12-14,1.2864,0.005707
2020-12-15,1.2909,0.003498
2020-12-16,1.2882,-0.002092
2020-12-17,1.3039,0.012188
2020-12-18,1.2995,-0.003374
2020-12-21,1.3167,0.013236
2020-12-22,1.2914,-0.019215
2020-12-23,1.2967,0.004104
2020-12-24,1.2735,-0.017892
2020-12-25,1.2864,0.01013
2020-12-28,1.2778,-0.006685
2020-12-29,1.267,-0.008452
2020-12-30,1.2863,0.015233
2020-12-31,1.3028,0.012827
2021-01-04,1.3246,0.016733
2021-01-05,1.3382,0.010267
2021-01-06,1.3348,-0.002541
2021-01-07,1.3351,0.000225
2021-01-08,1.3382,0.002322
2021-01-11,1.3204,-0.013301
2021-01-12,1.3379,0.013254
2021-01-13,1.3316,-0.004709
2021-01-14,1.3224,-0.006909
2021-01-15,1.3208,-0.00121
2021-01-18,1.3425,0.016429
2021-01-19,1.3372,-0.003948
2021-01-20,1.353,0.011816
2021-01-21,1.3718,0.013895
2021-01-22,1.3738,0.001458
2021-01-25,1.3738,0.0
2021-01-26,1.3546,-0.013976
2021-01-27,1.3585,0.002879
2021-01-28,1.3333,-0.01855
2021-01-29,1.3164,-0.012675
2021-02-01,1.3323,0.012078
2021-02-02,1.343,0.008031
2021-02-03,1.3346,-0.006255
2021-02-04,1.3201,-0.010865
2021-02-05,1.3019,-0.013787
2021-02-08,1.3192,0.013288
2021-02-09,1.3448,0.019406
2021-02-10,1.3547,0.007362
2021-02-18,1.3797,0.018454
2021-02-19,1.4064,0.019352
2021-02-22,1.4114,0.003555
2021-02-23,1.4036,-0.005526
2021-02-24,1.3888,-0.010544
2021-02-25,1.383,-0.004176
2021-02-26,1.3596,-0.01692
2021-03-01,1.3841,0.01802
2021-03-02,1.3744,-0.007008
2021-03-03,1.3969,0.016371
2021-03-04,1.3773,-0.014031
2021-03-05,1.3775,0.000145
2021-03-08,1.3574,-0.014592
2021-03-09,1.3311,-0.019375
2021-03-10,1.3193,-0.008865
2021-03-11,1.346,0.020238
2021-03-12,1.348,0.001486
2021-03-15,1.3431,-0.003635
2021-03-16,1.3482,0.003797
2021-03-17,1.3537,0.00408
2021-03-18,1.3655,0.008717
2021-03-19,1.3552,-0.007543
2021-03-22,1.3763,0.01557
2021-03-23,1.3554,-0.015186
2021-03-24,1.3345,-0.01542
2021-03-25,1.3367,0.001649
2021-03-26,1.3536,0.012643
2021-03-29,1.3604,0.005024
2021-03-30,1.3633,0.002132
2021-03-31,1.3632,-7.3e-05
2021-04-01,1.3775,0.01049
2021-04-02,1.3791,0.001162
2021-04-06,1.3844,0.003843
2021-04-07,1.3886,0.003034
2021-04-08,1.3885,-7.2e-05
2021-04-09,1.3839,-0.003313
2021-04-12,1.363,-0.015102
2021-04-13,1.3581,-0.003595
2021-04-14,1.3738,0.01156
2021-04-15,1.3722,-0.001165
2021-04-16,1.3887,0.012024
2021-04-19,1.4024,0.009865
2021-04-20,1.4028,0.000285
2021-04-21,1.4042,0.000998
2021-04-22,1.4129,0.006196
2021-04-23,1.4137,0.000566
2021-04-26,1.4078,-0.004173
2021-04-27,1.4083,0.000355
2021-04-28,1.4167,0.005965
2021-04-29,1.4173,0.000424
2021-04-30,1.4111,-0.004375
2021-05-06,1.4172,0.004323
2021-05-07,1.4115,-0.004022
2021-05-10,1.4167,0.003684
2021-05-11,1.4118,-0.003459
2021-05-12,1.423,0.007933
2021-05-13,1.4049,-0.01272
2021-05-14,1.4189,0.009965
2021-05-17,1.4227,0.002678
2021-05-18,1.4281,0.003796
2021-05-19,1.4218,-0.004411
2021-05-20,1.415,-0.004783
2021-05-21,1.4122,-0.001979
2021-05-24,1.4189,0.004744
2021-05-25,1.4344,0.010924
2021-05-26,1.4388,0.003067
2021-05-27,1.4515,0.008827
2021-05-28,1.4463,-0.003583
2021-05-31,1.4584,0.008366
2021-06-01,1.4694,0.007543
2021-06-02,1.4564,-0.008847
2021-06-03,1.4553,-0.000755
2021-06-04,1.4614,0.004192
2021-06-07,1.4723,0.007459
2021-06-08,1.4682,-0.002785
2021-06-09,1.4739,0.003882
2021-06-10,1.484,0.006853
2021-06-11,1.4773,-0.004515
2021-06-15,1.4664,-0.007378
2021-06-16,1.4414,-0.017049
2021-06-17,1.4552,0.009574
2021-06-18,1.4621,0.004742
2021-06-21,1.4758,0.00937
2021-06-22,1.4834,0.00515
2021-06-23,1.4946,0.00755
2021-06-24,1.4844,-0.006825
2021-06-25,1.5011,0.01125
2021-06-28,1.5032,0.001399
2021-06-29,1.4962,-0.004657
2021-06-30,1.5102,0.009357
2021-07-01,1.4942,-0.010595
2021-07-02,1.4815,-0.0085
2021-07-05,1.487,0.003712
2021-07-06,1.4868,-0.000134
2021-07-07,1.5012,0.009685
2021-07-08,1.4918,-0.006262
2021-07-09,1.5043,0.008379
2021-07-12,1.5279,0.015688
2021-07-13,1.5463,0.012043
2021-07-14,1.541,-0.003428
2021-07-15,1.5502,0.00597
2021-07-16,1.5508,0.000387
2021-07-19,1.5462,-0.002966
2021-07-20,1.5456,-0.000388
2021-07-21,1.5596,0.009058
2021-07-22,1.5709,0.007245
2021-07-23,1.5603,-0.006748
2021-07-26,1.5368,-0.015061
2021-07-27,1.5031,-0.021929
2021-07-28,1.4845,-0.012374
2021-07-29,1.5122,0.018659
2021-07-30,1.5223,0.006679
2021-08-02,1.542,0.012941
2021-08-03,1.5329,-0.005901
2021-08-04,1.5605,0.018005
2021-08-05,1.5547,-0.003717
2021-08-06,1.5647,0.006432
2021-08-09,1.5781,0.008564
2021-08-10,1.5907,0.007984
2021-08-11,1.6046,0.008738
2021-08-12,1.6137,0.005671
2021-08-13,1.618,0.002665
2021-08-16,1.6132,-0.002967
2021-08-17,1.5814,-0.019712
2021-08-18,1.5905,0.005754
2021-08-19,1.5897,-0.000503
2021-08-20,1.5843,-0.003397
2021-08-23,1.6104,0.016474
2021-08-24,1.6232,0.007948
2021-08-25,1.6438,0.012691
2021-08-26,1.644,0.000122
2021-08-27,1.6568,0.007786
2021-08-30,1.6718,0.009054
2021-08-31,1.6859,0.008434
2021-09-01,1.6685,-0.010321
2021-09-02,1.6939,0.015223
2021-09-03,1.684,-0.005845
2021-09-06,1.7042,0.011995
2021-09-07,1.7396,0.020772
2021-09-08,1.7551,0.00891
2021-09-09,1.7737,0.010598
2021-09-10,1.7644,-0.005243
2021-09-13,1.7785,0.007991
2021-09-14,1.7592,-0.010852
2021-09-15,1.7692,0.005684
2021-09-16,1.7427,-0.014979
2021-09-17,1.7283,-0.008263
2021-09-22,1.7388,0.006075
2021-09-23,1.7476,0.005061
2021-09-24,1.7166,-0.017739
2021-09-27,1.668,-0.028312
2021-09-28,1.6763,0.004976
2021-09-29,1.626,-0.030007
2021-09-30,1.6483,0.013715
2021-10-08,1.6459,-0.001456
2021-10-11,1.6458,-6.1e-05
2021-10-12,1.6129,-0.01999
2021-10-13,1.6137,0.000496
2021-10-14,1.6256,0.007374
2021-10-15,1.6263,0.000431
2021-10-18,1.6419,0.009592
2021-10-19,1.6569,0.009136
2021-10-20,1.6506,-0.003802
2021-10-21,1.654,0.00206
2021-10-22,1.6347,-0.011669
2021-10-25,1.6465,0.007218
2021-10-26,1.6458,-0.000425
2021-10-27,1.6295,-0.009904
2021-10-28,1.604,-0.015649
2021-10-29,1.6204,0.010224
2021-11-01,1.6288,0.005184
2021-11-02,1.6051,-0.014551
2021-11-03,1.615,0.006168
2021-11-04,1.6213,0.003901
2021-11-05,1.5955,-0.015913
2021-11-08,1.6002,0.002946
2021-11-09,1.6124,0.007624
2021-11-10,1.6078,-0.002853
2021-11-11,1.6222,0.008956
2021-11-12,1.6292,0.004315
2021-11-15,1.624,-0.003192
2021-11-16,1.6142,-0.006034
2021-11-17,1.6298,0.009664
2021-11-18,1.6274,-0.001473
2021-11-19,1.6464,0.011675
2021-11-22,1.663,0.010083
2021-11-23,1.6681,0.003067
2021-11-24,1.6713,0.001918
2021-11-25,1.6663,-0.002992
2021-11-26,1.6638,-0.0015
2021-11-29,1.663,-0.000481
2021-11-30,1.6644,0.000842
2021-12-01,1.6696,0.003124
2021-12-02,1.6568,-0.007667
2021-12-03,1.6706,0.008329
2021-12-06,1.6544,-0.009697
2021-12-07,1.6464,-0.004836
2021-12-08,1.6658,0.011783
2021-12-09,1.6692,0.002041
2021-12-10,1.6683,-0.000539
2021-12-13,1.6779,0.005754
2021-12-14,1.6691,-0.005245
2021-12-15,1.6685,-0.000359
2021-12-16,1.6835,0.00899
2021-12-17,1.6666,-0.010039
2021-12-20,1.6429,-0.014221
2021-12-21,1.6613,0.0112
2021-12-22,1.667,0.003431
2021-12-23,1.6758,0.005279
2021-12-24,1.6611,-0.008772
2021-12-27,1.6604,-0.000421
2021-12-28,1.6613,0.000542
2021-12-29,1.6543,-0.004214
2021-12-30,1.6655,0.00677
2021-12-31,1.6763,0.006485
2022-01-04,1.6716,-0.002804
2022-01-05,1.6421,-0.017648
2022-01-06,1.6451,0.001827
2022-01-07,1.6328,-0.007477
2022-01-10,1.6404,0.004655
2022-01-11,1.6306,-0.005974
2022-01-12,1.6462,0.009567
2022-01-13,1.623,-0.014093
2022-01-14,1.6172,-0.003574
2022-01-17,1.6362,0.011749
2022-01-18,1.6414,0.003178
2022-01-19,1.6316,-0.005971
2022-01-20,1.6195,-0.007416
2022-01-21,1.6011,-0.011362
2022-01-24,1.6038,0.001686
2022-01-25,1.553,-0.031675
2022-01-26,1.5617,0.005602
2022-01-27,1.5223,-0.025229
2022-01-28,1.5145,-0.005124
2022-02-07,1.54,0.016837
2022-02-08,1.5521,0.007857
2022-02-09,1.5761,0.015463
2022-02-10,1.5756,-0.000317
2022-02-11,1.5516,-0.015232
2022-02-14,1.5394,-0.007863
2022-02-15,1.5516,0.007925
2022-02-16,1.5557,0.002642
2022-02-17,1.5556,-6.4e-05
2022-02-18,1.5707,0.009707
2022-02-21,1.5787,0.005093
2022-02-22,1.5605,-0.011528
2022-02-23,1.5835,0.014739
2022-02-24,1.553,-0.019261
2022-02-25,1.5643,0.007276
2022-02-28,1.5712,0.004411
2022-03-01,1.5769,0.003628
2022-03-02,1.5754,-0.000951
2022-03-03,1.5726,-0.001777
2022-03-04,1.559,-0.008648
2022-03-07,1.5289,-0.019307
2022-03-08,1.4801,-0.031918
2022-03-09,1.4546,-0.017229
2022-03-10,1.4766,0.015124
2022-03-11,1.485,0.005689
2022-03-14,1.4476,-0.025185
2022-03-15,1.3643,-0.057544
2022-03-16,1.4034,0.028659
2022-03-17,1.4283,0.017743
2022-03-18,1.4444,0.011272
2022-03-21,1.4493,0.003392
2022-03-22,1.4498,0.000345
2022-03-23,1.4592,0.006484
2022-03-24,1.4464,-0.008772
2022-03-25,1.435,-0.007882
2022-03-28,1.4365,0.001045
2022-03-29,1.4303,-0.004316
2022-03-30,1.4555,0.017619
2022-03-31,1.4475,-0.005496
2022-04-01,1.4553,0.005389
2022-04-06,1.4593,0.002749
2022-04-07,1.4284,-0.021175
2022-04-08,1.4244,-0.0028
2022-04-11,1.3832,-0.028924
2022-04-12,1.4042,0.015182
2022-04-13,1.3886,-0.01111
2022-04-14,1.4026,0.010082
2022-04-15,1.392,-0.007557
2022-04-18,1.3908,-0.000862
2022-04-19,1.3952,0.003164
2022-04-20,1.3686,-0.019065
2022-04-21,1.3236,-0.03288
2022-04-22,1.3174,-0.004684
2022-04-25,1.2353,-0.06232
2022-04-26,1.2049,-0.024609
2022-04-27,1.2479,0.035688
2022-04-28,1.2448,-0.002484
2022-04-29,1.2887,0.035267
2022-05-05,1.3052,0.012804
2022-05-06,1.2832,-0.016856
2022-05-09,1.2931,0.007715
2022-05-10,1.311,0.013843
2022-05-11,1.3187,0.005873
2022-05-12,1.3213,0.001972
2022-05-13,1.3337,0.009385
2022-05-16,1.3337,0.0
2022-05-17,1.3345,0.0006
2022-05-18,1.3306,-0.002922
2022-05-19,1.337,0.00481
2022-05-20,1.3576,0.015408
2022-05-23,1.3667,0.006703
2022-05-24,1.3223,-0.032487
2022-05-25,1.3464,0.018226
2022-05-26,1.3575,0.008244
2022-05-27,1.3552,-0.001694
2022-05-30,1.364,0.006494
2022-05-31,1.3792,0.011144
2022-06-01,1.3804,0.00087
2022-06-02,1.3869,0.004709
2022-06-06,1.4143,0.019756
2022-06-07,1.4178,0.002475
2022-06-08,1.4243,0.004585
2022-06-09,1.4056,-0.013129
2022-06-10,1.432,0.018782
2022-06-13,1.4356,0.002514
2022-06-14,1.4425,0.004806
2022-06-15,1.4382,-0.002981
2022-06-16,1.4389,0.000487
2022-06-17,1.4499,0.007645
2022-06-20,1.4547,0.003311
2022-06-21,1.4457,-0.006187
2022-06-22,1.4271,-0.012866
2022-06-23,1.4536,0.018569
2022-06-24,1.4672,0.009356
2022-06-27,1.4798,0.008588
2022-06-28,1.4998,0.013515
2022-06-29,1.4781,-0.014469
2022-06-30,1.495,0.011434
2022-07-01,1.4973,0.001538
2022-07-04,1.5157,0.012289
2022-07-05,1.5151,-0.000396
2022-07-06,1.4944,-0.013662
2022-07-07,1.5022,0.005219
2022-07-08,1.4931,-0.006058
2022-07-11,1.4733,-0.013261
2022-07-12,1.4522,-0.014322
2022-07-13,1.4578,0.003856
2022-07-14,1.464,0.004253
2022-07-15,1.4409,-0.015779
2022-07-18,1.4672,0.018252
2022-07-19,1.4814,0.009678
2022-07-20,1.4984,0.011476
2022-07-21,1.4874,-0.007341
2022-07-22,1.4767,-0.007194
2022-07-25,1.4675,-0.00623
2022-07-26,1.4838,0.011107
2022-07-27,1.4885,0.003168
2022-07-28,1.4946,0.004098
2022-07-29,1.4797,-0.009969
2022-08-01,1.4871,0.005001
2022-08-02,1.4441,-0.028915
2022-08-03,1.4332,-0.007548
2022-08-04,1.442,0.00614
2022-08-05,1.4693,0.018932
2022-08-08,1.4761,0.004628
2022-08-09,1.479,0.001965
2022-08-10,1.4731,-0.003989
2022-08-11,1.5016,0.019347
2022-08-12,1.5002,-0.000932
2022-08-15,1.5014,0.0008
2022-08-16,1.5067,0.00353
2022-08-17,1.5122,0.00365
2022-08-18,1.5045,-0.005092
2022-08-19,1.4895,-0.00997
2022-08-22,1.5107,0.014233
2022-08-23,1.5071,-0.002383
2022-08-24,1.4684,-0.025678
2022-08-25,1.4765,0.005516
2022-08-26,1.4718,-0.003183
2022-08-29,1.4764,0.003125
2022-08-30,1.4709,-0.003725
2022-08-31,1.4416,-0.01992
2022-09-01,1.436,-0.003885
2022-09-02,1.4434,0.005153
2022-09-05,1.4488,0.003741
2022-09-06,1.4744,0.01767
2022-09-07,1.4771,0.001831
2022-09-08,1.4695,-0.005145
2022-09-09,1.4773,0.005308
2022-09-13,1.4767,-0.000406
2022-09-14,1.4653,-0.00772
2022-09-15,1.4309,-0.023476
2022-09-16,1.3973,-0.023482
2022-09-19,1.3913,-0.004294
2022-09-20,1.4042,0.009272
2022-09-21,1.4062,0.001424
2022-09-22,1.4028,-0.002418
2022-09-23,1.3848,-0.012831
2022-09-26,1.3671,-0.012782
2022-09-27,1.3931,0.019018
2022-09-28,1.358,-0.025196
2022-09-29,1.3603,0.001694
2022-09-30,1.3456,-0.010806
2022-10-10,1.3277,-0.013303
2022-10-11,1.3376,0.007457
2022-10-12,1.3664,0.021531
2022-10-13,1.3721,0.004172
2022-10-14,1.4063,0.024925
2022-10-17,1.4149,0.006115
2022-10-18,1.4192,0.003039
2022-10-19,1.4064,-0.009019
2022-10-20,1.3987,-0.005475
2022-10-21,1.398,-0.0005
2022-10-24,1.3807,-0.012375
2022-10-25,1.374,-0.004853
2022-10-26,1.3971,0.016812
2022-10-27,1.3959,-0.000859
2022-10-28,1.3501,-0.03281
2022-10-31,1.3467,-0.002518
2022-11-01,1.3789,0.02391
2022-11-02,1.3929,0.010153
2022-11-03,1.3988,0.004236
2022-11-04,1.4263,0.01966
2022-11-07,1.4285,0.001542
2022-11-08,1.4261,-0.00168
2022-11-09,1.4228,-0.002314
2022-11-10,1.4106,-0.008575
2022-11-11,1.4192,0.006097
2022-11-14,1.4155,-0.002607
2022-11-15,1.4395,0.016955
2022-11-16,1.4299,-0.006669
2022-11-17,1.4312,0.000909
2022-11-18,1.4229,-0.005799
2022-11-21,1.4254,0.001757
2022-11-22,1.4094,-0.011225
2022-11-23,1.4099,0.000355
2022-11-24,1.4129,0.002128
2022-11-25,1.4029,-0.007078
2022-11-28,1.3928,-0.007199
2022-11-29,1.4126,0.014216
2022-11-30,1.4109,-0.001203
2022-12-01,1.418,0.005032
2022-12-02,1.4147,-0.002327
2022-12-05,1.4192,0.003181
2022-12-06,1.4173,-0.001339
2022-12-07,1.4177,0.000282
2022-12-08,1.4127,-0.003527
2022-12-09,1.4139,0.000849
2022-12-12,1.41,-0.002758
2022-12-13,1.4031,-0.004894
2022-12-14,1.3945,-0.006129
2022-12-15,1.3978,0.002366
2022-12-16,1.3878,-0.007154
2022-12-19,1.3593,-0.020536
2022-12-20,1.3494,-0.007283
2022-12-21,1.3382,-0.0083
2022-12-22,1.3243,-0.010387
2022-12-23,1.3207,-0.002718
2022-12-26,1.343,0.016885
2022-12-27,1.3577,0.010946
2022-12-28,1.3548,-0.002136
2022-12-29,1.3552,0.000295
2022-12-30,1.3577,0.001845
2022-12-31,1.3577,0.0
2023-01-03,1.3821,0.017972
2023-01-04,1.3821,0.0
2023-01-05,1.3957,0.00984
2023-01-06,1.3998,0.002938
2023-01-09,1.406,0.004429
2023-01-10,1.4089,0.002063
2023-01-11,1.4026,-0.004472
2023-01-12,1.4023,-0.000214
2023-01-13,1.4114,0.006489
2023-01-16,1.4243,0.00914
2023-01-17,1.425,0.000491
2023-01-18,1.4273,0.001614
2023-01-19,1.4355,0.005745
2023-01-20,1.4456,0.007036
2023-01-30,1.455,0.006502
2023-01-31,1.4575,0.001718
2023-02-01,1.4733,0.01084
2023-02-02,1.4759,0.001765
2023-02-03,1.4702,-0.003862
2023-02-06,1.4627,-0.005101
2023-02-07,1.47,0.004991
2023-02-08,1.4602,-0.006667
2023-02-09,1.4777,0.011985
2023-02-10,1.4754,-0.001556
2023-02-13,1.4856,0.006913
2023-02-14,1.4885,0.001952
2023-02-15,1.486,-0.00168
2023-02-16,1.4622,-0.016016
2023-02-17,1.4527,-0.006497
2023-02-20,1.4764,0.016314
2023-02-21,1.4861,0.00657
2023-02-22,1.4838,-0.001548
2023-02-23,1.4814,-0.001617
2023-02-24,1.4773,-0.002768
2023-02-27,1.4705,-0.004603
2023-02-28,1.4816,0.007548
2023-03-01,1.49,0.00567
2023-03-02,1.4833,-0.004497
2023-03-03,1.4822,-0.000742
2023-03-06,1.4862,0.002699
2023-03-07,1.4615,-0.01662
2023-03-08,1.4654,0.002668
2023-03-09,1.4635,-0.001297
2023-03-10,1.4441,-0.013256
2023-03-13,1.4522,0.005609
2023-03-14,1.4386,-0.009365
2023-03-15,1.448,0.006534
2023-03-16,1.4275,-0.014157
2023-03-17,1.4342,0.004694
2023-03-20,1.4309,-0.002301
2023-03-21,1.4495,0.012999
2023-03-22,1.4615,0.008279
2023-03-23,1.4678,0.004311
2023-03-24,1.4679,6.8e-05
2023-03-27,1.4658,-0.001431
2023-03-28,1.4609,-0.003343
2023-03-29,1.4571,-0.002601
2023-03-30,1.4636,0.004461
2023-03-31,1.4712,0.005193
2023-04-03,1.4803,0.006185
2023-04-04,1.4796,-0.000473
2023-04-06,1.4789,-0.000473
2023-04-07,1.4873,0.00568
2023-04-10,1.4858,-0.001009
2023-04-11,1.4848,-0.000673
2023-04-12,1.4901,0.00357
2023-04-13,1.4864,-0.002483
2023-04-14,1.4913,0.003297
2023-04-17,1.4979,0.004426
2023-04-18,1.4981,0.000134
2023-04-19,1.4908,-0.004873
2023-04-20,1.4823,-0.005702
2023-04-21,1.4554,-0.018147
2023-04-24,1.4498,-0.003848
2023-04-25,1.4283,-0.01483
2023-04-26,1.4411,0.008962
2023-04-27,1.4476,0.00451
2023-04-28,1.4545,0.004767
2023-05-04,1.459,0.003094
2023-05-05,1.4479,-0.007608
2023-05-08,1.4554,0.00518
2023-05-09,1.4363,-0.013124
2023-05-10,1.436,-0.000209
2023-05-11,1.4366,0.000418
2023-05-12,1.4243,-0.008562
2023-05-15,1.4347,0.007302
2023-05-16,1.4266,-0.005646
2023-05-17,1.4291,0.001752
2023-05-18,1.4315,0.001679
2023-05-19,1.4333,0.001257
2023-05-22,1.437,0.002581
2023-05-23,1.4228,-0.009882
2023-05-24,1.415,-0.005482
2023-05-25,1.4117,-0.002332
2023-05-26,1.4202,0.006021
2023-05-29,1.4167,-0.002464
2023-05-30,1.4194,0.001906
2023-05-31,1.4152,-0.002959
2023-06-01,1.416,0.000565
2023-06-02,1.4264,0.007345
2023-06-05,1.4238,-0.001823
2023-06-06,1.3978,-0.018261
2023-06-07,1.3981,0.000215
2023-06-08,1.3952,-0.002074
2023-06-09,1.4036,0.006021
2023-06-12,1.4158,0.008692
2023-06-13,1.4184,0.001836
2023-06-14,1.418,-0.000282
2023-06-15,1.4312,0.009309
2023-06-16,1.436,0.003354
2023-06-19,1.4337,-0.001602
2023-06-20,1.4309,-0.001953
2023-06-21,1.4119,-0.013278
2023-06-26,1.394,-0.012678
2023-06-27,1.4121,0.012984
2023-06-28,1.4126,0.000354
2023-06-29,1.4161,0.002478
2023-06-30,1.4273,0.007909
2023-07-03,1.4357,0.005885
2023-07-04,1.4373,0.001114
2023-07-05,1.429,-0.005775
2023-07-06,1.4213,-0.005388
2023-07-07,1.4177,-0.002533
2023-07-10,1.4206,0.002046
2023-07-11,1.4278,0.005068
2023-07-12,1.4141,-0.009595
2023-07-13,1.4291,0.010607
2023-07-14,1.4264,-0.001889
2023-07-17,1.4193,-0.004978
2023-07-18,1.4177,-0.001127
2023-07-19,1.4166,-0.000776
2023-07-20,1.4038,-0.009036
2023-07-21,1.4036,-0.000142
2023-07-24,1.4037,7.1e-05
2023-07-25,1.4188,0.010757
2023-07-26,1.4121,-0.004722
2023-07-27,1.4054,-0.004745
2023-07-28,1.4183,0.009179
2023-07-31,1.4235,0.003666
2023-08-01,1.4251,0.001124
2023-08-02,1.4206,-0.003158
2023-08-03,1.4247,0.002886
2023-08-04,1.4291,0.003088
2023-08-07,1.4182,-0.007627
2023-08-08,1.4172,-0.000705
2023-08-09,1.4062,-0.007762
2023-08-10,1.4083,0.001493
2023-08-11,1.3841,-0.017184
2023-08-14,1.3862,0.001517
2023-08-15,1.3771,-0.006565
2023-08-16,1.3635,-0.009876
2023-08-17,1.3741,0.007774
2023-08-18,1.3547,-0.014118
2023-08-21,1.3401,-0.010777
2023-08-22,1.3471,0.005223
2023-08-23,1.3239,-0.017222
2023-08-24,1.3301,0.004683
2023-08-25,1.3114,-0.014059
2023-08-28,1.325,0.010371
2023-08-29,1.3583,0.025132
2023-08-30,1.3632,0.003607
2023-08-31,1.3563,-0.005062
2023-09-01,1.3576,0.000958
2023-09-04,1.375,0.012817
2023-09-05,1.3674,-0.005527
2023-09-06,1.367,-0.000293
2023-09-07,1.3461,-0.015289
2023-09-08,1.3469,0.000594
2023-09-11,1.3638,0.012547
2023-09-12,1.3616,-0.001613
2023-09-13,1.3482,-0.009841
2023-09-14,1.3439,-0.003189
2023-09-15,1.3452,0.000967
2023-09-18,1.3479,0.002007
2023-09-19,1.3394,-0.006306
2023-09-20,1.3305,-0.006645
2023-09-21,1.3213,-0.006915
2023-09-22,1.3406,0.014607
2023-09-25,1.3337,-0.005147
2023-09-26,1.3298,-0.002924
2023-09-27,1.338,0.006166
2023-09-28,1.3458,0.00583
2023-10-09,1.3384,-0.005499
2023-10-10,1.3293,-0.006799
2023-10-11,1.3299,0.000451
2023-10-12,1.3385,0.006467
2023-10-13,1.3299,-0.006425
2023-10-16,1.3194,-0.007895
2023-10-17,1.3202,0.000606
2023-10-18,1.3025,-0.013407
2023-10-19,1.2905,-0.009213
2023-10-20,1.279,-0.008911
2023-10-23,1.2489,-0.023534
2023-10-24,1.2663,0.013932
2023-10-25,1.2756,0.007344
2023-10-26,1.2812,0.00439
2023-10-27,1.3031,0.017093
2023-10-30,1.3132,0.007751
2023-10-31,1.3066,-0.005026
2023-11-01,1.3035,-0.002373
2023-11-02,1.2924,-0.008516
2023-11-03,1.3026,0.007892
2023-11-06,1.3194,0.012897
2023-11-07,1.3192,-0.000152
2023-11-08,1.316,-0.002426
2023-11-09,1.3101,-0.004483
2023-11-10,1.307,-0.002366
2023-11-13,1.3148,0.005968
2023-11-14,1.3201,0.004031
2023-11-15,1.3278,0.005833
2023-11-16,1.3181,-0.007305
2023-11-17,1.3269,0.006676
2023-11-20,1.3351,0.00618
2023-11-21,1.3308,-0.003221
2023-11-22,1.3182,-0.009468
2023-11-23,1.3309,0.009634
2023-11-24,1.3176,-0.009993
2023-11-27,1.3174,-0.000152
2023-11-28,1.3225,0.003871
2023-11-29,1.3154,-0.005369
2023-11-30,1.3099,-0.004181
2023-12-01,1.3134,0.002672
2023-12-04,1.312,-0.001066
2023-12-05,1.2909,-0.016082
2023-12-06,1.2949,0.003099
2023-12-07,1.2963,0.001081
2023-12-08,1.2974,0.000849
2023-12-11,1.3139,0.012718
2023-12-12,1.3181,0.003197
2023-12-13,1.3089,-0.00698
2023-12-14,1.3052,-0.002827
2023-12-15,1.2961,-0.006972
2023-12-18,1.282,-0.010879
2023-12-19,1.2814,-0.000468
2023-12-20,1.269,-0.009677
2023-12-21,1.2757,0.00528
2023-12-22,1.2685,-0.005644
2023-12-25,1.2698,0.001025
2023-12-26,1.2587,-0.008742
2023-12-27,1.267,0.006594
2023-12-28,1.288,0.016575
2023-12-29,1.3009,0.010016
2023-12-31,1.3009,0.0
2024-01-02,1.3029,0.001537
2024-01-03,1.3015,-0.001075
2024-01-04,1.2936,-0.00607
2024-01-05,1.2744,-0.014842
2024-01-08,1.2538,-0.016164
2024-01-09,1.257,0.002552
2024-01-10,1.2515,-0.004375
2024-01-11,1.2635,0.009588
2024-01-12,1.2582,-0.004195
2024-01-15,1.2565,-0.001351
2024-01-16,1.2555,-0.000796
2024-01-17,1.2264,-0.023178
2024-01-18,1.2232,-0.002609
2024-01-19,1.2111,-0.009892
2024-01-22,1.152,-0.048799
2024-01-23,1.1661,0.01224
2024-01-24,1.1795,0.011491
2024-01-25,1.2139,0.029165
2024-01-26,1.2058,-0.006673
2024-01-29,1.1814,-0.020236
2024-01-30,1.1533,-0.023785
2024-01-31,1.1205,-0.02844
2024-02-01,1.1118,-0.007764
2024-02-02,1.0803,-0.028332
2024-02-05,1.0537,-0.024623
2024-02-06,1.1361,0.078201
2024-02-07,1.2087,0.063903
2024-02-08,1.2216,0.010673
2024-02-19,1.2156,-0.004912
2024-02-20,1.2149,-0.000576
2024-02-21,1.2183,0.002799
2024-02-22,1.2256,0.005992
2024-02-23,1.2314,0.004732
2024-02-26,1.2331,0.001381
2024-02-27,1.2574,0.019706
2024-02-28,1.2246,-0.026086
2024-02-29,1.2595,0.028499
2024-03-01,1.2669,0.005875
2024-03-04,1.2708,0.003078
2024-03-05,1.2628,-0.006295
2024-03-06,1.2641,0.001029
2024-03-07,1.2488,-0.012103
2024-03-08,1.2632,0.011531
2024-03-11,1.2823,0.01512
2024-03-12,1.2811,-0.000936
2024-03-13,1.2809,-0.000156
2024-03-14,1.278,-0.002264
2024-03-15,1.2915,0.010563
2024-03-18,1.3081,0.012853
2024-03-19,1.2984,-0.007415
2024-03-20,1.3014,0.002311
2024-03-21,1.2969,-0.003458
2024-03-22,1.2798,-0.013185
2024-03-25,1.2621,-0.01383
2024-03-26,1.2592,-0.002298
2024-03-27,1.2344,-0.019695
2024-03-28,1.2483,0.011261
2024-03-29,1.2646,0.013058
2024-04-01,1.2926,0.022141
2024-04-02,1.2898,-0.002166
2024-04-03,1.2903,0.000388
2024-04-08,1.2696,-0.016043
2024-04-09,1.28,0.008192
2024-04-10,1.2661,-0.010859
2024-04-11,1.2703,0.003317
2024-04-12,1.2652,-0.004015
2024-04-15,1.2772,0.009485
2024-04-16,1.2423,-0.027325
2024-04-17,1.2734,0.025034
2024-04-18,1.2797,0.004947
2024-04-19,1.2751,-0.003595
2024-04-22,1.27,-0.004
2024-04-23,1.2539,-0.012677
2024-04-24,1.2636,0.007736
2024-04-25,1.2609,-0.002137
2024-04-26,1.2832,0.017686
2024-04-29,1.2939,0.008339
2024-04-30,1.2858,-0.00626
2024-05-06,1.3033,0.01361
2024-05-07,1.3006,-0.002072
2024-05-08,1.2844,-0.012456
2024-05-09,1.3039,0.015182
2024-05-10,1.3042,0.00023
2024-05-13,1.3021,-0.00161
2024-05-14,1.302,-7.7e-05
2024-05-15,1.2891,-0.009908
2024-05-16,1.2815,-0.005896
2024-05-17,1.2953,0.010769
2024-05-20,1.2992,0.003011
2024-05-21,1.2919,-0.005619
2024-05-22,1.2855,-0.004954
2024-05-23,1.2624,-0.01797
2024-05-24,1.2554,-0.005545
2024-05-27,1.2688,0.010674
2024-05-28,1.2573,-0.009064
2024-05-29,1.2591,0.001432
2024-05-30,1.2583,-0.000635
2024-05-31,1.2568,-0.001192
2024-06-03,1.2455,-0.008991
2024-06-04,1.2612,0.012605
2024-06-05,1.2452,-0.012686
2024-06-06,1.2347,-0.008432
2024-06-07,1.2388,0.003321
2024-06-11,1.2392,0.000323
2024-06-12,1.2423,0.002502
2024-06-13,1.2351,-0.005796
2024-06-14,1.2393,0.003401
2024-06-17,1.235,-0.00347
2024-06-18,1.2406,0.004534
2024-06-19,1.2281,-0.010076
2024-06-20,1.2121,-0.013028
2024-06-21,1.2169,0.00396
2024-06-24,1.1917,-0.020708
2024-06-25,1.1871,-0.00386
2024-06-26,1.2069,0.016679
2024-06-27,1.1871,-0.016406
2024-06-28,1.1915,0.003707
2024-06-30,1.1914,-8.4e-05
2024-07-01,1.2058,0.012087
2024-07-02,1.1954,-0.008625
2024-07-03,1.1859,-0.007947
2024-07-04,1.1662,-0.016612
2024-07-05,1.1746,0.007203
2024-07-08,1.1556,-0.016176
2024-07-09,1.1797,0.020855
2024-07-10,1.175,-0.003984
2024-07-11,1.2002,0.021447
2024-07-12,1.2,-0.000167
2024-07-15,1.1893,-0.008917
2024-07-16,1.1905,0.001009
2024-07-17,1.1837,-0.005712
2024-07-18,1.1855,0.001521
2024-07-19,1.1843,-0.001012
2024-07-22,1.1799,-0.003715
2024-07-23,1.1508,-0.024663
2024-07-24,1.1379,-0.01121
2024-07-25,1.1386,0.000615
2024-07-26,1.1514,0.011242
2024-07-29,1.1418,-0.008338
2024-07-30,1.1401,-0.001489
2024-07-31,1.1836,0.038155
2024-08-01,1.1753,-0.007013
2024-08-02,1.1606,-0.012507
2024-08-05,1.1425,-0.015595
2024-08-06,1.1527,0.008928
2024-08-07,1.1513,-0.001215
2024-08-08,1.1543,0.002606
2024-08-09,1.1471,-0.006238
2024-08-12,1.1456,-0.001308
2024-08-13,1.1491,0.003055
2024-08-14,1.1346,-0.012619
2024-08-15,1.142,0.006522
2024-08-16,1.1337,-0.007268
2024-08-19,1.1375,0.003352
2024-08-20,1.1191,-0.016176
2024-08-21,1.1151,-0.003574
2024-08-22,1.104,-0.009954
2024-08-23,1.1058,0.00163
2024-08-26,1.1073,0.001356
2024-08-27,1.0966,-0.009663
2024-08-28,1.0981,0.001368
2024-08-29,1.1105,0.011292
2024-08-30,1.1286,0.016299
2024-09-02,1.1093,-0.017101
2024-09-03,1.1195,0.009195
2024-09-04,1.1148,-0.004198
2024-09-05,1.1191,0.003857
2024-09-06,1.1056,-0.012063
2024-09-09,1.0989,-0.00606
2024-09-10,1.0985,-0.000364
2024-09-11,1.0966,-0.00173
2024-09-12,1.0918,-0.004377
2024-09-13,1.0833,-0.007785
2024-09-18,1.0842,0.000831
2024-09-19,1.0987,0.013374
2024-09-20,1.0934,-0.004824
2024-09-23,1.0911,-0.002104
2024-09-24,1.1365,0.041609
2024-09-25,1.1454,0.007831
2024-09-26,1.1954,0.043653
2024-09-27,1.2521,0.047432
2024-09-30,1.3687,0.093124
2024-10-08,1.4528,0.061445
2024-10-09,1.3626,-0.062087
2024-10-10,1.3631,0.000367
2024-10-11,1.3207,-0.031106
2024-10-14,1.3481,0.020747
2024-10-15,1.3159,-0.023885
2024-10-16,1.3159,0.0
2024-10-17,1.3024,-0.010259
2024-10-18,1.3432,0.031327
2024-10-21,1.3504,0.00536
2024-10-22,1.3593,0.006591
2024-10-23,1.3638,0.003311
2024-10-24,1.3554,-0.006159
2024-10-25,1.3656,0.007525
2024-10-28,1.3829,0.012668
2024-10-29,1.3656,-0.01251
2024-10-30,1.3698,0.003076
2024-10-31,1.3804,0.007738
2024-11-01,1.3732,-0.005216
2024-11-04,1.3927,0.0142
2024-11-05,1.4228,0.021613
2024-11-06,1.4245,0.001195
2024-11-07,1.4549,0.021341
2024-11-08,1.4464,-0.005842
2024-11-11,1.4579,0.007951
2024-11-12,1.4508,-0.00487
2024-11-13,1.4528,0.001379
2024-11-14,1.4188,-0.023403
2024-11-15,1.4,-0.013251
2024-11-18,1.3983,-0.001214
2024-11-19,1.4102,0.00851
2024-11-20,1.4189,0.006169
2024-11-21,1.4175,-0.000987
2024-11-22,1.3682,-0.03478
2024-11-25,1.3656,-0.0019
2024-11-26,1.3597,-0.00432
2024-11-27,1.3804,0.015224
2024-11-28,1.3714,-0.00652
2024-11-29,1.3862,0.010792
2024-12-02,1.4028,0.011975
2024-12-03,1.4043,0.001069
2024-12-04,1.3917,-0.008972
2024-12-05,1.3936,0.001365
2024-12-06,1.4154,0.015643
2024-12-09,1.4118,-0.002543
2024-12-10,1.421,0.006517
2024-12-11,1.439,0.012667
2024-12-12,1.4496,0.007366
2024-12-13,1.4301,-0.013452
2024-12-16,1.4225,-0.005314
2024-12-17,1.4134,-0.006397
2024-12-18,1.4184,0.003538
2024-12-19,1.4171,-0.000917
2024-12-20,1.4167,-0.000282
2024-12-23,1.4027,-0.009882
2024-12-24,1.4216,0.013474
2024-12-25,1.4149,-0.004713
2024-12-26,1.4184,0.002474
2024-12-27,1.4268,0.005922
2024-12-30,1.4286,0.001262
2024-12-31,1.3983,-0.02121
2025-01-02,1.3628,-0.025388
2025-01-03,1.3482,-0.010713
2025-01-06,1.3517,0.002596
2025-01-07,1.3552,0.002589
2025-01-08,1.3484,-0.005018
2025-01-09,1.3418,-0.004895
2025-01-10,1.3282,-0.010136
2025-01-13,1.329,0.000602
2025-01-14,1.3656,0.02754
2025-01-15,1.3555,-0.007396
2025-01-16,1.3612,0.004205
2025-01-17,1.3721,0.008008
2025-01-20,1.3749,0.002041
2025-01-21,1.3775,0.001891
2025-01-22,1.3703,-0.005227
2025-01-23,1.3692,-0.000803
2025-01-24,1.3801,0.007961
2025-01-27,1.3777,-0.001739
2025-02-05,1.3692,-0.00617
2025-02-06,1.3901,0.015264
2025-02-07,1.408,0.012877
2025-02-10,1.4124,0.003125
2025-02-11,1.4096,-0.001982
2025-02-12,1.42,0.007378
2025-02-13,1.4093,-0.007535
2025-02-14,1.4161,0.004825
2025-02-17,1.4188,0.001907
2025-02-18,1.3995,-0.013603
2025-02-19,1.4148,0.010932
2025-02-20,1.4148,0.0
2025-02-21,1.4315,0.011804
2025-02-24,1.4347,0.002235
2025-02-25,1.4203,-0.010037
2025-02-26,1.4384,0.012744
2025-02-27,1.4351,-0.002294
2025-02-28,1.4066,-0.019859
2025-03-03,1.4169,0.007323
2025-03-04,1.4228,0.004164
2025-03-05,1.4254,0.001827
2025-03-06,1.4447,0.01354
2025-03-07,1.4409,-0.00263
2025-03-10,1.4402,-0.000486
2025-03-11,1.4479,0.005346
2025-03-12,1.4489,0.000691
2025-03-13,1.4436,-0.003658
2025-03-14,1.4684,0.017179
2025-03-17,1.4685,6.8e-05
2025-03-18,1.4739,0.003677
2025-03-19,1.4693,-0.003121
2025-03-20,1.4642,-0.003471
2025-03-21,1.4502,-0.009562
2025-03-24,1.4495,-0.000483
2025-03-25,1.4496,6.9e-05
2025-03-26,1.4497,6.9e-05
2025-03-27,1.4493,-0.000276
2025-03-28,1.4401,-0.006348
2025-03-31,1.4285,-0.008055
2025-04-01,1.4395,0.0077
2025-04-02,1.4413,0.00125
2025-04-03,1.4283,-0.00902
2025-04-07,1.2921,-0.095358
2025-04-08,1.3015,0.007275
2025-04-09,1.3235,0.016904
2025-04-10,1.3482,0.018663
2025-04-11,1.3551,0.005118
2025-04-14,1.3672,0.008929
2025-04-15,1.3638,-0.002487
2025-04-16,1.3529,-0.007992
2025-04-17,1.3549,0.001478
2025-04-18,1.3598,0.003617
2025-04-21,1.378,0.013384
2025-04-22,1.3774,-0.000435
2025-04-23,1.3839,0.004719
2025-04-24,1.38,-0.002818
2025-04-25,1.3858,0.004203
2025-04-28,1.3782,-0.005484
2025-04-29,1.378,-0.000145
2025-04-30,1.3801,0.001524
2025-05-06,1.4044,0.017607
2025-05-07,1.41,0.003987
2025-05-08,1.4158,0.004113
2025-05-09,1.4052,-0.007487
2025-05-12,1.4231,0.012738
2025-05-13,1.4228,-0.000211
2025-05-14,1.4279,0.003584
2025-05-15,1.4106,-0.012116
2025-05-16,1.4116,0.000709
2025-05-19,1.416,0.003117
2025-05-20,1.4225,0.00459
2025-05-21,1.4245,0.001406
2025-05-22,1.4123,-0.008564
2025-05-23,1.401,-0.008001
2025-05-26,1.4042,0.002284
2025-05-27,1.4013,-0.002065
2025-05-28,1.4,-0.000928
2025-05-29,1.4189,0.0135
2025-05-30,1.4115,-0.005215
2025-06-03,1.4164,0.003471
2025-06-04,1.4297,0.00939
2025-06-05,1.4336,0.002728
2025-06-06,1.4346,0.000698
2025-06-09,1.4427,0.005646
2025-06-10,1.4312,-0.007971
2025-06-11,1.442,0.007546
2025-06-12,1.4472,0.003606
2025-06-13,1.4385,-0.006012
2025-06-16,1.4438,0.003684
2025-06-17,1.4437,-6.9e-05
2025-06-18,1.4422,-0.001039
2025-06-19,1.4289,-0.009222
2025-06-20,1.4242,-0.003289
2025-06-23,1.4323,0.005687
2025-06-24,1.4557,0.016337
2025-06-25,1.4742,0.012709
2025-06-26,1.4679,-0.004274
2025-06-27,1.4727,0.00327
2025-06-30,1.4829,0.006926
2025-07-01,1.4906,0.005193
2025-07-02,1.4901,-0.000335
2025-07-03,1.497,0.004631
2025-07-04,1.4928,-0.002806
2025-07-07,1.4953,0.001675
2025-07-08,1.5142,0.01264
2025-07-09,1.5102,-0.002642
2025-07-10,1.5216,0.007549
2025-07-11,1.53,0.005521
2025-07-14,1.5328,0.00183
2025-07-15,1.5284,-0.002871
2025-07-16,1.5271,-0.000851
2025-07-17,1.5381,0.007203
2025-07-18,1.5428,0.003056
2025-07-21,1.5634,0.013352
2025-07-22,1.5814,0.011513
2025-07-23,1.5778,-0.002276
2025-07-24,1.5967,0.011979
2025-07-25,1.5942,-0.001566
2025-07-28,1.5987,0.002823
2025-07-29,1.6023,0.002252
2025-07-30,1.5959,-0.003994
2025-07-31,1.5694,-0.016605
2025-08-01,1.5702,0.00051
2025-08-04,1.5776,0.004713
2025-08-05,1.5906,0.00824
2025-08-06,1.601,0.006538
2025-08-07,1.5978,-0.001999
2025-08-08,1.5986,0.000501
2025-08-11,1.6143,0.009821
2025-08-12,1.6152,0.000558
2025-08-13,1.6315,0.010092
2025-08-14,1.6102,-0.013055
2025-08-15,1.6391,0.017948
2025-08-18,1.6543,0.009273
2025-08-19,1.65,-0.002599
2025-08-20,1.6714,0.01297
2025-08-21,1.6703,-0.000658
2025-08-22,1.688,0.010597
2025-08-25,1.7091,0.0125
2025-08-26,1.7185,0.0055
2025-08-27,1.6889,-0.017224
2025-08-28,1.7119,0.013618
2025-08-29,1.7197,0.004556
2025-09-01,1.7275,0.004536
2025-09-02,1.6979,-0.017135
2025-09-03,1.6735,-0.014371
2025-09-04,1.6509,-0.013505
2025-09-05,1.693,0.025501
2025-09-08,1.7117,0.011045
2025-09-09,1.705,-0.003914
2025-09-10,1.7019,-0.001818
2025-09-11,1.7394,0.022034
2025-09-12,1.7402,0.00046
2025-09-15,1.7339,-0.00362
2025-09-16,1.7433,0.005421
2025-09-17,1.7579,0.008375
2025-09-18,1.7395,-0.010467
2025-09-19,1.7395,0.0
2025-09-22,1.7419,0.00138
2025-09-23,1.7257,-0.0093
2025-09-24,1.7558,0.017442
2025-09-25,1.7596,0.002164
2025-09-26,1.7473,-0.00699
2025-09-29,1.7708,0.013449
2025-09-30,1.7832,0.007002
2025-10-09,1.8167,0.018786
2025-10-10,1.7984,-0.010073
2025-10-13,1.7881,-0.005727
2025-10-14,1.7607,-0.015324
2025-10-15,1.7822,0.012211
2025-10-16,1.7651,-0.009595
2025-10-17,1.7205,-0.025268
2025-10-20,1.7323,0.006858
2025-10-21,1.7626,0.017491
2025-10-22,1.7531,-0.00539
2025-10-23,1.7609,0.004449
2025-10-24,1.7804,0.011074
2025-10-27,1.8006,0.011346
2025-10-28,1.7947,-0.003277
2025-10-29,1.8231,0.015824
2025-10-30,1.8004,-0.012451
2025-10-31,1.7905,-0.005499
2025-11-03,1.79,-0.000279
2025-11-04,1.7678,-0.012402
2025-11-05,1.7729,0.002885
2025-11-06,1.7957,0.01286
2025-11-07,1.7907,-0.002784
2025-11-10,1.7949,0.002345
2025-11-11,1.7854,-0.005293
2025-11-12,1.7779,-0.004201
2025-11-13,1.7989,0.011812
2025-11-14,1.7773,-0.012007
2025-11-17,1.7722,-0.00287
2025-11-18,1.757,-0.008577
2025-11-19,1.7464,-0.006033
2025-11-20,1.7354,-0.006299
2025-11-21,1.6783,-0.032903
2025-11-24,1.69,0.006971
2025-11-25,1.7086,0.011006
2025-11-26,1.7078,-0.000468
2025-11-27,1.7082,0.000234
2025-11-28,1.7235,0.008957
2025-12-01,1.7394,0.009225
2025-12-02,1.7304,-0.005174
2025-12-03,1.7245,-0.00341
2025-12-04,1.7244,-5.8e-05
2025-12-05,1.7458,0.01241
2025-12-08,1.7569,0.006358
2025-12-09,1.743,-0.007912
2025-12-10,1.7498,0.003901
2025-12-11,1.7321,-0.010115
2025-12-12,1.7476,0.008949
2025-12-15,1.743,-0.002632
2025-12-16,1.7217,-0.01222
2025-12-17,1.751,0.017018
2025-12-18,1.7471,-0.002227
2025-12-19,1.7647,0.010074
2025-12-22,1.7795,0.008387
2025-12-23,1.7827,0.001798
2025-12-24,1.804,0.011948
2025-12-25,1.8124,0.004656
2025-12-26,1.8227,0.005683
2025-12-29,1.8136,-0.004993
2025-12-30,1.8173,0.00204
2025-12-31,1.8166,-0.000385
2026-01-05,1.8532,0.020148
2026-01-06,1.8878,0.01867
2026-01-07,1.8879,5.3e-05
2026-01-08,1.8864,-0.000795
2026-01-09,1.9143,0.01479
2026-01-12,1.9424,0.014679
2026-01-13,1.9227,-0.010142
2026-01-14,1.9316,0.004629
2026-01-15,1.9419,0.005332
2026-01-16,1.9449,0.001545
2026-01-19,1.9626,0.009101
2026-01-20,1.9634,0.000408
2026-01-21,1.9829,0.009932
2026-01-22,1.9964,0.006808
2026-01-23,2.0344,0.019034
2026-01-26,2.0252,-0.004522
2026-01-27,2.0274,0.001086
2026-01-28,2.0487,0.010506
2026-01-29,2.0407,-0.003905
2026-01-30,2.0054,-0.017298
2026-02-02,1.9328,-0.036202
2026-02-03,1.9774,0.023075
2026-02-04,1.9916,0.007181
2026-02-05,1.9684,-0.011649
2026-02-06,1.9691,0.000356
2026-02-09,1.9993,0.015337
2026-02-10,2.0019,0.0013
2026-02-11,2.0089,0.003497
2026-02-12,2.0191,0.005077
2026-02-13,1.9897,-0.014561
2026-02-24,2.0171,0.013771
2026-02-25,2.0454,0.01403
2026-02-26,2.0458,0.000196
2026-02-27,2.0662,0.009972
2026-03-02,2.0629,-0.001597
2026-03-03,2.0007,-0.030152
2026-03-04,1.9834,-0.008647
2026-03-05,1.9962,0.006454
2026-03-06,2.012,0.007915
2026-03-09,1.9956,-0.008151
2026-03-10,2.018,0.011225
2026-03-11,2.0282,0.005055
2026-03-12,2.0267,-0.00074
2026-03-13,2.009,-0.008733
2026-03-16,1.9944,-0.007267
2026-03-17,1.9663,-0.014089
2026-03-18,1.9734,0.003611
2026-03-19,1.9258,-0.024121
2026-03-20,1.9018,-0.012462
2026-03-23,1.8217,-0.042118
2026-03-24,1.8622,0.022232
2026-03-25,1.8973,0.018849
2026-03-26,1.8749,-0.011806
2026-03-27,1.8912,0.008694
2026-03-30,1.8938,0.001375
2026-03-31,1.8716,-0.011722
2026-04-01,1.9005,0.015441
2026-04-02,1.8715,-0.015259
2026-04-03,1.8541,-0.009297
2026-04-07,1.8628,0.004692
2026-04-08,1.9391,0.04096
2026-04-09,1.9215,-0.009076
2026-04-10,1.9405,0.009888
2026-04-13,1.9335,-0.003607
2026-04-14,1.9515,0.00931
2026-04-15,1.9458,-0.002921
2026-04-16,1.9706,0.012745
2026-04-17,1.9745,0.001979
2026-04-20,1.985,0.005318
2026-04-21,1.9876,0.00131
2026-04-22,2.0039,0.008201
2026-04-23,1.9858,-0.009032
2026-04-24,1.9757,-0.005086
2026-04-27,1.9787,0.001518
2026-04-28,1.9627,-0.008086
2026-04-29,1.9854,0.011566
2026-04-30,1.98,-0.00272
2026-05-06,2.0152,0.017778
2026-05-07,2.032,0.008337
2026-05-08,2.0363,0.002116
2026-05-11,2.0651,0.014143
2026-05-12,2.0537,-0.00552
2026-05-13,2.0731,0.009446
2026-05-14,2.0295,-0.021031
2026-05-15,1.9974,-0.015817
2026-05-18,1.9919,-0.002754
2026-05-19,2.006,0.007079
2026-05-20,2.0088,0.001396
2026-05-21,1.971,-0.018817
2026-05-22,2.001,0.015221
2026-05-25,2.0342,0.016592
2026-05-26,2.0342,0.0
2026-05-27,2.0121,-0.010864
2026-05-28,2.0193,0.003578
2026-05-29,1.9909,-0.014064
2026-06-01,1.9809,-0.005023
2026-06-02,1.9975,0.00838
2026-06-03,2.006,0.004255
2026-06-04,2.0044,-0.000798
2026-06-05,1.9757,-0.014318
2026-06-08,1.9119,-0.032292
2026-06-09,1.9585,0.024374
2026-06-10,1.9449,-0.006944
2026-06-11,1.9373,-0.003908
2026-06-12,1.96,0.011717
2026-06-15,2.0319,0.036684
2026-06-16,2.0609,0.014272
2026-06-17,2.0983,0.018147
2026-06-18,2.1135,0.007244
2026-06-22,2.1848,0.033736
2026-06-23,2.1268,-0.026547
2026-06-24,2.1703,0.020453
2026-06-25,2.2013,0.014284
2026-06-26,2.157,-0.020124
2026-06-29,2.163,0.002782
2026-06-30,2.193,0.01387
2026-07-01,2.2003,0.003329
2026-07-02,2.1252,-0.034132
2026-07-03,2.1417,0.007764
2026-07-06,2.1288,-0.006023
2026-07-07,2.0909,-0.017803
2026-07-08,2.0604,-0.014587
2026-07-09,2.1155,0.026742
2026-07-10,2.0851,-0.01437
2026-07-13,1.9904,-0.045417
2026-07-14,2.0367,0.023262
2026-07-15,2.0037,-0.016203
2026-07-16,1.9534,-0.025104
2026-07-17,1.8618,-0.046893
2026-07-20,1.8191,-0.022935
2026-07-21,1.9163,0.053433
2026-07-22,1.906,-0.005375
2026-07-23,1.9089,0.001522
2026-07-24,1.8592,-0.026036
2026-07-27,1.9177,0.031465
2026-07-28,1.8398,-0.040622
2026-07-29,1.8542,0.007827
2026-07-30,1.8015,-0.028422
2026-07-31,1.8431,0.023092
2026-08-03,1.8203,-0.01237
2026-08-04,1.8773,0.031314
2026-08-05,1.9344,0.030416
2026-08-06,1.9508,0.008478
2026-08-07,1.9933,0.021786
2026-08-10,2.0003,0.003512
2026-08-11,1.98,-0.010148
2026-08-12,2.009,0.014646
2026-08-13,1.9887,-0.010105
2026-08-14,2.0027,0.00704
2026-08-17,2.0584,0.027812
2026-08-18,2.0557,-0.001312
2026-08-19,1.9583,-0.04738
2026-08-20,1.9702,0.006077
2026-08-21,1.9817,0.005837
2026-08-24,1.947,-0.01751
2026-08-25,1.9467,-0.000154
2026-08-26,1.9599,0.006781
2026-08-27,2.0148,0.028012
2026-08-28,2.0082,-0.003276
2026-08-31,2.0239,0.007818
2026-09-01,1.9932,-0.015169
2026-09-02,1.9626,-0.015352
2026-09-03,1.9722,0.004891
2026-09-04,1.9369,-0.017899
2026-09-07,1.9758,0.020084
2026-09-08,1.9838,0.004049
2026-09-09,1.9912,0.00373
2026-09-10,1.9845,-0.003365
2026-09-11,1.9546,-0.015067
2026-09-14,1.951,-0.001842
2026-09-15,1.9497,-0.000666
2026-09-16,1.9883,0.019798
2026-09-17,1.9828,-0.002766
2026-09-18,2.0195,0.018509
2026-09-21,2.0304,0.005397
2026-09-22,2.0208,-0.004728
2026-09-23,2.0122,-0.004256
2026-09-24,1.9674,-0.022264
2026-09-28,1.8939,-0.037359
2026-09-29,1.916,0.011669
2026-09-30,1.9052,-0.005637
